Resp1,Resp2,HR1,HR2
4.395148,0.96261582,113.695,100.84
4.5586667,0.86738281,111.8434,100.84
4.6751373,0.77236935,101.351,100.84
4.7431434,0.68121643,101.351,100.84
4.7671208,0.5954315,101.351,99.943744
4.7564058,0.5400879,101.351,98.0392
4.7321952,0.54981381,101.351,98.0392
4.7479064,0.61889345,101.351,98.0392
4.8218996,0.70298156,101.351,98.0392
4.9352998,0.79136658,101.351,98.0392
5.0341369,0.88514709,101.351,97.957906
5.0822233,0.97598548,101.012345,97.561
5.0850123,1.0436149,99.0933,97.561
5.0696689,1.0710385,99.0933,97.561
5.0486748,1.0502779,99.0933,97.561
5.0288275,1.00345136,99.0933,97.561
5.0085783,0.95877686,99.0933,97.754512
4.9773654,0.93322138,99.0933,99.1736
4.9364498,0.90997626,99.0933,99.1736
4.8992283,0.85751345,99.0933,99.1736
4.8720648,0.80047006,99.0933,99.1736
4.8612954,0.75949394,98.698755,99.1736
4.8611493,0.73605956,96.463,99.1736
4.8609844,0.72619012,96.463,98.050544
4.8589642,0.72988584,96.463,98.0392
4.8402497,0.71599434,96.463,98.0392
4.8089323,0.68644713,96.463,98.0392
4.7710509,0.6669342,96.463,98.0392
4.7357266,0.65533754,96.463,98.0392
4.7198909,0.62976076,96.463,99.105536
4.7154757,0.58176882,96.463,99.1736
4.6963894,0.52586669,95.713345,99.1736
4.6730257,0.4822266,91.4653,99.1736
4.656271,0.47735294,91.4653,99.1736
4.6473639,0.50307926,91.4653,99.345644
4.6461192,0.53287958,91.4653,102.041
4.6514521,0.54761952,91.4653,102.041
4.6490353,0.51415713,91.4653,102.041
4.6278349,0.42522886,91.4653,102.041
4.6057742,0.32839354,91.4653,102.041
4.5933051,0.25979918,91.4653,102.46922000000001
4.5845507,0.23070665,91.340665,103.627
4.5773506,0.22825618,90.6344,103.627
4.5754369,0.21723933,90.6344,103.627
4.5470856,0.19565125,90.6344,103.627
4.4987668,0.17197582,90.6344,103.627
4.4622431,0.16520989,90.6344,105.8215
4.4397217,0.16433407,90.6344,106.952
4.4085174,0.14952383,90.6344,106.952
4.3435941,0.11808168,90.6344,106.952
4.2445621,0.082015995,90.6344,106.952
4.1304446,0.02605285911,91.329305,107.2136
4.0287289,-0.100686643,95.2671,108.696
3.9501159,-0.26823733,95.2671,108.696
3.906662,-0.42183837,95.2671,108.696
3.8642243,-0.5307465,95.2671,108.696
3.791458,-0.60128781,95.2671,108.696
3.6910978,-0.66527711,95.2671,112.00566
3.597049,-0.74411618,95.2671,112.782
3.5211515,-0.86568297,95.2671,112.782
3.4714046,-0.99272494,95.2671,112.782
3.449335,-1.0790278,95.96829,112.782
3.43295,-1.1097726,99.9417,113.1212
3.4167755,-1.1086277,99.9417,113.422
3.4038919,-1.1231144,99.9417,113.422
3.4029583,-1.1561036,99.9417,113.422
3.3987922,-1.1929052,99.9417,113.422
3.3707243,-1.2169676,99.9417,113.66392
3.2924345,-1.2215516,99.9417,114.286
3.1900699,-1.2148757,99.9417,114.286
3.1061709,-1.2152483,99.9417,114.286
3.0506953,-1.2211368,100.282695,114.286
3.0146056,-1.2331787,102.215,114.286
2.9861875,-1.2525785,102.215,114.286
2.9443668,-1.2974612,102.215,114.286
3.004343,-1.4546568,102.215,114.286
3.3046049,-1.7776914,102.215,114.286
3.7158236,-1.9921997,102.215,114.286
4.0860808,-1.8187344,102.215,114.11596
4.3496097,-1.24307252,102.215,114.068
4.5104525,-0.51431578,102.215,114.068
4.595062,0.09915159534,102.16295,114.068
4.6234942,0.49777221,101.868,114.068
4.6258566,0.70096132,101.868,113.75792
4.6160677,0.76955554,101.868,113.422
4.5804079,0.73354492,101.868,113.422
4.5214167,0.6429718,101.868,113.422
4.4653776,0.55311894,101.868,113.422
4.4279814,0.4806946,101.868,113.4648
4.4044373,0.43095701,101.868,113.636
4.3843229,0.38905029,101.868,113.636
4.3548309,0.33010558,102.1764,113.636
4.3159821,0.27496031,103.924,113.636
4.2726139,0.23762511,103.924,113.636
4.2253298,0.21184074,103.924,109.53888
4.1815302,0.20262453,103.924,106.572
4.1500394,0.18993535,103.924,106.572
4.1164704,0.15576169,103.924,106.572
4.0661343,0.10350648,103.924,106.572
4.0114742,0.05264893,103.924,106.572
3.9622037,0.0180114743,103.924,103.08324
3.9257507,0.0074310317,102.621115,96
3.8972597,0.00582886053,95.2381,96
3.8668427,-0.01758117584,95.2381,96
3.8057404,-0.065628053,95.2381,96
3.7149259,-0.119607541,95.2381,96
3.621408,-0.16088557,95.2381,96
3.5283328,-0.1820528,95.2381,94.533554
3.4476133,-0.19153753,95.2381,94.4882
3.3895907,-0.21398618,95.2381,94.4882
3.3551667,-0.22794496,95.2381,94.4882
3.3296688,-0.23775027,93.71758,94.4882
3.2820221,-0.26640014,85.1013,94.4882
3.2402162,-0.156240879,85.1013,94.998132
3.2278886,0.07609554246,85.1013,95.2381
3.2370612,0.27511901,85.1013,95.2381
3.2490513,0.3643768,85.1013,95.2381
3.2523553,0.37607118,85.1013,95.2381
3.2469512,0.35664066,85.1013,95.2381
3.2070372,0.33298954,85.1013,99.271468
3.1417572,0.29375,85.1013,100.84
3.0743376,0.2406402,84.664875,100.84
3.0139555,0.19109807,82.1918,100.84
2.9546328,0.16125174,82.1918,100.84
2.8909211,0.15732713,82.1918,100.84
2.9428708,0.17257395,82.1918,102.8677
3.2507783,0.19303588,82.1918,103.093
3.6858309,0.24365534,82.1918,103.093
4.0952851,0.40819092,82.1918,103.093
4.4086704,0.61953438,82.1918,103.093
4.6339904,0.78254087,82.1918,103.58755
4.7884704,0.84174814,83.31746,105.448
4.8697203,0.80116883,89.6962,105.448
4.8854307,0.72245176,89.6962,105.448
4.8625918,0.64887999,89.6962,105.448
4.8312682,0.59728699,89.6962,105.448
4.804617,0.56774911,89.6962,105.6526
4.7808197,0.55257572,89.6962,105.82
4.7279963,0.52986143,89.6962,105.82
4.6369293,0.47604982,89.6962,105.82
4.5350888,0.42043766,89.6962,105.82
4.4453366,0.37737112,91.41877,105.82
4.3792938,0.32989503,101.18,105.0615
4.3317533,0.2556061,101.18,104.895
4.2524875,0.15749203,101.18,104.895
4.1302517,0.061837792,101.18,104.895
4.1189851,-0.00423278212,101.18,104.895
4.2954403,-0.036264036,101.18,104.85124
4.5650971,-0.047216788,101.18,104.348
4.8303955,-0.075851438,101.18,104.348
5.0358062,-0.08397522,101.18,104.348
5.1833495,0.04492489182,101.07875,104.348
5.2869202,0.30429686,100.505,104.348
5.3453645,0.58175655,100.505,105.90571
5.3572639,0.76110229,100.505,107.527
5.3383185,0.80039971,100.505,107.527
5.3027765,0.76224667,100.505,107.527
5.271353,0.71410215,100.505,107.527
5.2571721,0.68763121,100.505,107.62152
5.266221,0.67550656,100.505,109.89
5.2829248,0.6584717,100.505,109.89
5.2980217,0.62284849,100.73555,109.89
5.299505,0.57501223,102.042,109.89
5.2906918,0.5202667,102.042,109.89
5.2757782,0.47153918,102.042,110.12836
5.259003,0.44792173,102.042,110.294
5.2398895,0.4273407,102.042,110.294
5.2201971,0.39295352,102.042,110.294
5.180734,0.36258244,102.042,110.294
5.1224823,0.34284063,102.042,110.24148
5.0656919,0.33010259,102.042,109.89
5.0261077,0.31416318,101.465655,109.89
5.0000853,0.27810669,98.199700000000007,109.89
4.979028,0.2410766,98.199700000000007,109.89
4.9459471,0.21335144,98.199700000000007,109.89
4.8933686,0.18150943,98.199700000000007,108.83862
4.8414311,0.13951719,98.199700000000007,108.108
4.7982999,0.091915891,98.199700000000007,108.108
4.7700833,0.050808718,98.199700000000007,108.108
4.7495244,0.030892956,98.199700000000007,108.108
4.726456,0.034802262,98.199700000000007,108.108
4.6789919,0.048632812,96.91024,105.8814
4.577893,0.05834351,89.6033,105.634
4.4546626,0.051132204,89.6033,105.634
4.3504972,0.030297859,89.6033,105.634
4.2723945,0.016101063,89.6033,105.634
4.2001002,0.027728263,89.6033,105.634
4.1148467,0.094500772,89.6033,105.634
4.0091495,0.18494566,89.6033,105.634
3.8995727,0.21103211,89.6033,105.634
3.8090392,0.0896789468,89.6033,105.634
3.744904,-0.193591269,89.11244,105.634
3.7056151,-0.50745543,86.3309,105.7363
3.6871643,-0.72511598,86.3309,105.82
3.6769725,-0.78236692,86.3309,105.82
3.6423769,-0.71262819,86.3309,105.82
3.5784608,-0.60428772,86.3309,105.82
3.5195186,-0.56200563,86.3309,105.82
3.4747897,-0.64970401,86.3309,106.33233
3.4420287,-0.83197021,86.3309,106.383
3.4031067,-1.03866864,86.3309,106.383
3.3615177,-1.2064085,86.550365,106.383
3.3118443,-1.3062774,87.794,106.383
3.2594211,-1.3418862,87.794,106.68764
3.2155271,-1.32088,87.794,107.335
3.1844909,-1.2733062,87.794,107.335
3.1645786,-1.2414702,87.794,107.335
3.1553987,-1.2314768,87.794,107.335
3.1452577,-1.2394502,87.794,107.335
3.102252,-1.2736784,87.794,106.9339
3.0381653,-1.3374667,87.794,106.762
2.979843,-1.4051667,88.05773,106.762
2.9792478,-1.4537597,89.5522,106.762
3.2037354,-1.4675189,89.5522,106.762
3.6853879,-1.4555448,89.5522,106.762
4.227118,-1.4407314,89.5522,104.04248
4.6653592,-1.4561182,89.5522,103.806
4.9572115,-1.7131045,89.5522,103.806
5.1187445,-2.1684877,89.5522,103.806
5.1846132,-2.2158878,89.5522,103.806
5.1941654,-1.6974825,89.5522,103.806
5.174353,-0.77478622,90.491125,101.18
5.1429046,0.2000610245,95.8117,101.18
5.118677,0.92061768,95.8117,101.18
5.110446,1.268649,95.8117,101.18
5.1097469,1.326086,95.8117,101.18
5.1111238,1.2606995,95.8117,103.05308
5.1100278,1.1705503,95.8117,106.383
5.1096524,1.0901855,95.8117,106.383
5.1061342,1.01539646,95.8117,106.383
5.1119385,0.96839291,95.8117,106.383
5.1222655,0.94701237,97.160995,106.383
5.1285447,0.93808895,104.807,107.9382
5.1190555,0.93786921,104.807,108.303
5.0987918,0.93253774,104.807,108.303
5.077088,0.90246281,104.807,108.303
5.065588,0.85852663,104.807,108.303
5.0658469,0.82539365,104.807,108.16272
5.0582862,0.80667111,104.807,103.627
5.0332366,0.80378716,104.807,103.627
5.0030151,0.79730833,104.807,103.627
4.974322,0.78452455,104.63,103.627
4.9484496,0.77099598,103.627,103.627
4.9148986,0.7622437,103.627,103.37452
4.856076,0.76024484,103.627,101.523
4.7664978,0.76020824,103.627,101.523
4.6697269,0.75063166,103.627,101.523
4.5893401,0.72071847,103.627,101.523
4.5397709,0.68446342,103.627,101.523
4.5168176,0.6534088,103.627,101.35547
4.4945582,0.62818604,103.627,100
4.4283049,0.60790101,102.999655,100
4.3055178,0.58605045,99.4447,100
4.0972446,0.55597225,99.4447,100
3.8884581,0.47015986,99.4447,100
3.745453,0.4455872,99.4447,100.07545
3.6761934,0.57291563,99.4447,100.503
3.6447051,0.75122379,99.4447,100.503
3.5913395,0.87064516,99.4447,100.503
3.4882353,0.89122318,99.4447,100.503
3.3767453,0.84050292,99.4447,100.503
3.289783,0.7708374,99.127,103.00199
3.2213625,0.7224793,97.3267,105.82
3.1604673,0.69645992,97.3267,105.82
3.112457,0.67184144,97.3267,105.82
3.0759406,0.64996638,97.3267,105.82
3.0344028,0.63233653,97.3267,105.82
2.9963957,0.61061704000000006,97.3267,108.12919
2.9708339,0.58280029,97.3267,108.303
2.9494539,0.52926941,97.3267,108.303
2.9216948,0.46049502,97.3267,108.303
2.8857083,0.40552674,97.727695,108.303
2.8496245,0.37349236,100,108.94056
2.8191591,0.35269169,100,109.689
2.7691679,0.31212463,100,109.689
2.6395443,0.2334778,100,109.689
2.4606968,0.15658879,100,109.689
2.2908022,0.104846247,100,109.689
4.38284849858626,0.071926888,100,109.689
4.38284849858626,0.039862063,100,109.689
4.38284849858626,-0.00518188582,100,109.689
4.38284849858626,-0.049050901,100.05115,109.689
4.38284849858626,-0.079263302,100.341,109.689
4.38284849858626,-0.098565718,100.341,109.91065
4.38284849858626,-0.17027285,100.341,110.092
4.38284849858626,-0.39937441,100.341,110.092
4.38284849858626,-0.72782905,100.341,110.092
4.38284849858626,-1.01986099,100.341,110.092
4.38284849858626,-1.2119136,100.341,110.05196
4.38284849858626,-1.3109619,100.341,109.091
4.38284849858626,-1.3648286,100.341,109.091
4.38284849858626,-1.4525271,100.3029,109.091
4.38284849858626,-1.5642666,100.087,109.091
4.38284849858626,-1.6281505,100.087,109.091
2.7185212,-1.6214659,100.087,109.31786
3.5830196,-1.5853761,100.087,109.489
4.2854644,-1.5677208,100.087,109.489
4.7484033,-1.5790071,100.087,109.489
5.0022341,-1.6017205,100.087,109.489
5.0961614,-1.6165163,100.087,109.45324
5.084229,-1.6202457,100.087,108.893
5.0140443,-1.6673097,100.4062,108.893
4.9351902,-1.9261902,102.215,108.893
4.8667877,-2.4274318,102.215,108.893
4.8041537,-2.9444551,102.215,108.893
4.7386078,-3.2561153,102.215,109.11929
4.6787655,-3.0653071,102.215,109.29
4.6335632,-2.2171604,102.215,109.29
4.600418,-1.02764292,102.215,109.29
4.571008,-0.0358581136,102.215,109.29
4.5281921,0.57257997,102.215,110.50688
4.4842683,0.89254454,102.9404,113.636
4.4544559,1.03310834,107.051,113.636
4.4344545,1.0780944,107.051,113.636
4.4122196,1.0974299,107.051,113.636
4.3752166,1.1429134,107.051,114.06944
4.2871551,1.2761385,107.051,116.732
4.1642695,1.4858581,107.051,116.732
4.0454286,1.6724943,107.051,116.732
3.9510165,1.7645204,107.051,116.732
3.8772098,1.7457791,107.051,116.732
3.8184903,1.6152677,105.94232,114.36104
3.7670838,1.4175295,99.6598,114.068
3.7219088,1.2403133,99.6598,114.068
3.6916689,1.1368109,99.6598,114.068
3.6769813,1.1036406,99.6598,114.068
3.6637332,1.0768796,99.6598,112.2236
3.6523951,0.93349282,99.6598,106.383
3.6253503,0.58139952,99.6598,106.383
3.5567593,0.0965301397,99.6598,106.383
3.4737609,-0.36130975,99.6598,106.383
3.4167975,-0.68091429,98.751385,106.383
3.3874878,-0.78858341,93.6037,105.101846
3.3656468,-0.73812561,93.6037,98.8468
3.3350891,-0.6720581,93.6037,98.8468
3.3440617,-0.60289916,93.6037,98.8468
3.5442204,-0.55485829,93.6037,98.8468
3.8911893,-0.57136848,93.6037,98.8468
4.2383915,-0.64911798,93.6037,98.866372
4.5139553,-0.80568241,93.6037,99.0099
4.6941861,-0.99658516,93.6037,99.0099
4.7641607,-1.165768,93.62002,99.0099
4.7468658,-1.2640686,93.7125,99.0099
4.6850374,-1.2845007,93.7125,99.0099
4.6283994,-1.2653718,93.7125,99.032846
4.603068,-1.2538943,93.7125,99.3377
4.6175899,-1.2645114,93.7125,99.3377
4.6386505,-1.3023136,93.7125,99.3377
4.6392581,-1.3507137,93.7125,99.3377
4.6315703,-1.3906494,93.7125,99.3377
4.6251335,-1.450094,93.7125,99.709201
4.6123199,-1.6409085,94.871325,101.523
4.5853236,-1.9473118,101.438,101.523
4.535803,-2.3014129,101.438,101.523
4.457471,-2.4818541,101.438,101.523
4.3652439,-2.1255096,101.438,101.523
4.2887539,-1.36441934,101.438,102.78594
4.2228088,-0.59362791,101.438,104.53
4.1558502,-0.03938295052,101.438,104.53
4.0695132,0.25181579,101.438,104.53
3.9755342,0.36095891,101.438,104.53
3.8951814,0.3526459,101.2223,104.53
3.841403,0.27157901,100,110.17872
3.8101015,0.138928226,100,110.294
3.7936558,-0.00448608408,100,110.294
3.7751282,-0.110571324,100,110.294
3.7462351,-0.16849061,100,110.294
3.7098848,-0.20458984,100,111.79616
3.6786711,-0.23884883,100,112.57
3.6589807,-0.30953978,100,112.57
3.6532511,-0.38630981,100,112.57
3.6547469,-0.4136384,99.483205,112.57
3.6551048,-0.39506839,96.5547,113.15422
3.6435275,-0.35103761,96.5547,114.068
3.6068051,-0.31647334,96.5547,114.068
3.5424262,-0.30335388,96.5547,114.068
3.4654328,-0.30202331,96.5547,114.068
3.3867977,-0.30421143,96.5547,114.3314
3.3008484,-0.31908571,96.5547,115.385
3.2156459,-0.40764469,96.5547,115.385
3.1460545,-0.6109741,96.5547,115.385
3.1680783,-0.84089054,96.11205,115.385
3.3974604,-1.02294629,93.6037,115.45235
3.807364,-1.1285488,93.6037,116.732
4.2236974,-1.1732272,93.6037,116.732
4.5368709,-1.2066347,93.6037,116.732
4.7434722,-1.2969234,93.6037,116.732
4.8768191,-1.4706939,93.6037,116.732
4.948755,-1.6620388,93.6037,116.732
4.9752282,-1.8109832,93.6037,116.732
4.970236,-1.8647469,93.6037,116.732
4.9404788,-1.8526399,93.831385,116.732
4.8902161,-1.7272368,95.1216,116.732
4.8479526,-1.3763454,95.1216,116.2235
4.8324947,-0.78105457,95.1216,116.054
4.8408422,-0.0849029481,95.1216,116.054
4.845701,0.49318235,95.1216,116.054
4.8320379,0.85114134,95.1216,116.054
4.8149839,0.99344803,95.1216,117.07352
4.7999966,0.98943192,95.1216,117.647
4.7604766,0.91903382,95.1216,117.647
4.7139076,0.82739257,95.793435,117.647
4.6663999,0.74432675,99.6005,117.647
4.6007018,0.68437192,99.6005,118.33435
4.5314972,0.64602969,99.6005,118.812
4.478082,0.60733032,99.6005,118.812
4.4490755,0.55964653,99.6005,118.812
4.4366935,0.52325434,99.6005,118.812
4.4173465,0.51180426,99.6005,117.95962
4.343698,0.52258904,99.6005,116.959
4.2137908,0.53494567,99.6005,116.959
4.0709812,0.51744085,99.153185,116.959
3.9625277,0.46763917,96.6184,116.959
3.8896425,0.41530451,96.6184,116.8257
3.8439883,0.37900998,96.6184,110.294
3.8218082,0.36255182,96.6184,110.294
3.8854707,0.35399792,96.6184,110.294
4.1121828,0.35209971,96.6184,110.294
4.4456269,0.36255499,96.6184,110.294
4.7782954,0.38479609,96.6184,109.71662
5.0373472,0.39825446,96.6184,100.671
5.2084901,0.38725886,95.876665,100.671
5.2864495,0.32705687,91.6735,100.671
5.2866267,0.24454343,91.6735,100.671
5.2472348,0.17737122,91.6735,100.671
5.2007267,0.14048156,91.6735,100.671
5.163678,0.18450926,91.6735,98.8468
5.1442631,0.38157957,91.6735,98.8468
5.1272243,0.67731018,91.6735,98.8468
5.1100683,0.96851811,91.6735,98.8468
5.0965107,1.1497016,91.6735,98.8468
5.0910918,1.2133973,92.725105,99.010124
5.089988,1.2009156,98.6842,101.18
5.087616,1.149481,98.6842,101.18
5.0722201,1.0856016,98.6842,101.18
5.0558837,1.0310636,98.6842,101.18
5.0447752,0.99082035,98.6842,101.18
5.0377483,0.96310115,98.6842,101.18
5.0378669,0.94547439,98.6842,97.136406
5.045645,0.92060232,98.6842,96.3082
5.0395324,0.85649105,98.6842,96.3082
5.0162047,0.77413938,98.7337,96.3082
4.9902409,0.70728459,99.0142,96.3082
4.9648094,0.66636348,99.0142,96.3082
4.9434143,0.64169928,99.0142,95.730346
4.9343236,0.62332454,99.0142,95.2381
4.9321771,0.60029908,99.0142,95.2381
4.9187989,0.56803594,99.0142,95.2381
4.8999727,0.54379255,99.0142,95.2381
4.883252,0.54209884,99.0142,95.2381
4.8671976,0.54253223,99.0142,95.203393
4.8452763,0.52641299,98.43646,95.0872
4.793152,0.50038152,95.1626,95.0872
4.696527,0.44893797,95.1626,95.0872
4.5945953,0.36578369,95.1626,95.0872
4.5175691,0.26417242,95.1626,95.0872
4.472424,0.16855772,95.1626,95.0872
4.4530912,0.101153578,95.1626,94.950245
4.4430427,0.054757699,95.1626,94.9367
4.400482,-0.06505436403,95.1626,94.9367
4.3156771,-0.28644712,95.1626,94.9367
4.1824126,-0.50960085,95.33444,94.9367
4.0170989,-0.66045226,96.3082,94.9367
3.8392398,-0.70397943,96.3082,96.761466
3.6621244,-0.67306828,96.3082,97.4026
3.4966001,-0.72142641,96.3082,97.4026
3.4318696,-1.00443444,96.3082,97.4026
3.5866667,-1.4613372,96.3082,97.4026
3.9359428,-1.8406524,96.3082,97.4026
4.327591,-1.9865162,96.3082,98.384656
4.6591065,-1.9468869,96.3082,98.8468
4.8948424,-1.8348655,96.54637,98.8468
5.0357546,-1.7670073,97.896,98.8468
5.1100367,-1.8880277,97.896,98.8468
5.135811,-2.2187134,97.896,98.8468
5.1281494,-2.6090363,97.896,100.749992
5.1008214,-2.8891332,97.896,101.351
5.0568728,-3.053061,97.896,101.351
5.0107304,-2.8688295,97.896,101.351
4.9722356,-2.1896918,97.896,101.351
4.9421537,-1.22798163,97.896,101.38279
4.9230435,-0.33540651437,98.75565,104.53
4.8837317,0.265695198,103.627,104.53
4.831021,0.56681211,103.627,104.53
4.795265,0.65415958,103.627,104.53
4.7747026,0.62538146,103.627,104.53
4.7720141,0.55292664,103.627,107.31586
4.7676248,0.48539426,103.627,109.689
4.7561984,0.43795164,103.627,109.689
4.7254428,0.40770883,103.627,109.689
4.6790555,0.38678278,103.627,109.689
4.616247,0.34212336,103.13305,109.88808
4.5456666,0.26847531,100.334,111.111
4.4664063,0.19494017,100.334,111.111
4.3829257,0.13934624,100.334,111.111
4.2481784,0.097625728,100.334,111.111
4.0798093,0.065127567,100.334,111.111
3.9493285,0.047549447,100.334,110.28072
3.87923,0.02056579844,100.334,109.89
3.8590817,-0.0452880869,100.334,109.89
3.8698155,-0.131652861,100.334,109.89
3.8958658,-0.23161315,98.87093,109.89
3.8824646,-0.33597107,90.5802,109.6345
3.8303465,-0.41761476,90.5802,107.335
3.7693883,-0.48668827,90.5802,107.335
3.7063231,-0.5742279,90.5802,107.335
3.6479862,-0.73482967,90.5802,107.335
3.6030983,-0.95561808,90.5802,107.335
3.5696501,-1.2564785,90.5802,106.5062
3.5326475,-1.6592377,90.5802,105.263
3.4927549,-1.9816409,90.5802,105.263
3.4599876,-2.1420844,89.850315,105.263
3.4376535,-2.1767088,85.7143,105.263
3.4206298,-2.1687719,85.7143,105.263
3.4073458,-2.1680209,85.7143,105.53383
3.3843571,-2.2009253,85.7143,105.634
3.3214448,-2.2788603,85.7143,105.634
3.2464875,-2.3474372,85.7143,105.634
3.1864255,-2.3813688,85.7143,105.634
3.1452453,-2.4663606,85.7143,105.7468
3.1134305,-2.8276309,85.7143,106.762
3.0794888,-3.4318114,86.383585,106.762
3.0138152,0.168476383999087,90.1762,106.762
2.9006195,0.168476383999087,90.1762,106.762
2.7914004,0.168476383999087,90.1762,106.762
2.7135738,0.168476383999087,90.1762,107.1598
2.6694217,0.168476383999087,90.1762,107.527
2.6516942,0.168476383999087,90.1762,107.527
2.6422516,0.168476383999087,90.1762,107.527
2.5828429,0.168476383999087,90.1762,107.527
2.4470429,0.168476383999087,90.1762,107.527
2.2597414,0.168476383999087,90.778495,108.28748
4.38284849858626,0.168476383999087,94.1915,108.303
4.38284849858626,0.168476383999087,94.1915,108.303
4.38284849858626,0.168476383999087,94.1915,108.303
4.38284849858626,0.168476383999087,94.1915,108.303
2.4622892,0.168476383999087,94.1915,109.64588
3.0914486,0.168476383999087,94.1915,110.701
3.7252503,0.168476383999087,94.1915,110.701
4.2542414,0.168476383999087,94.1915,110.701
4.6319979,0.168476383999087,94.1915,110.701
4.8473789,0.168476383999087,94.93019,110.9488
4.9438567,0.168476383999087,99.1161,111.94
4.9639271,0.168476383999087,99.1161,111.94
4.9403934,0.168476383999087,99.1161,111.94
4.8986117,0.168476383999087,99.1161,111.94
4.8517249,0.168476383999087,99.1161,111.94
4.7951449,0.168476383999087,99.1161,111.6072
4.7229402,0.168476383999087,99.1161,111.524
4.6603878,-3.2945468,99.1161,111.524
4.6316009,-1.7437532,99.1161,111.524
4.6286006,-0.7604859,99.997335,111.524
4.6104308,-0.26957088,104.991,112.14042
4.5734165,-0.103103638,104.991,112.782
4.5354614,-0.118514993,104.991,112.782
4.4986841,-0.21260375,104.991,112.782
4.460416,-0.31323547,104.991,112.782
4.4109283,-0.39505918,104.991,113.22972
4.3061859,-0.45147706,104.991,114.504
4.1258485,-0.49533079,104.991,114.504
3.9805631,-0.5945892,104.991,114.504
4.0334807,-0.75134885,104.143005,114.504
4.2732941,-0.92080079,99.3377,114.504
4.566165,-1.03863827,99.3377,112.88532
4.817899,-1.0787053,99.3377,112.782
4.9835238,-1.0619201,99.3377,112.782
5.068213,-1.0282258,99.3377,112.782
5.094579,-1.00155919,99.3377,112.782
5.090917,-0.98566277,99.3377,111.538
5.0720527,-0.97265627,99.3377,110.294
5.0441557,-0.95388796,99.3377,110.294
5.0063476,-0.9464723,98.17865,110.294
4.9680205,-0.96458743,91.6107,110.294
4.9371366,-1.0033018,91.6107,110.294
4.9163669,-1.0346677,91.6107,108.90701
4.906187,-1.0346929,91.6107,108.893
4.9107943,-1.0170712,91.6107,108.893
4.9228903,-0.99843739,91.6107,108.893
4.9336271,-0.98303527,91.6107,108.893
4.9398802,-0.9631104,91.6107,108.80041
4.9475108,-0.95981451,91.6107,108.696
4.963348,-1.02581179,91.99782,108.696
4.9904455,-1.0818578,94.1915,108.696
5.0175567,-1.0894654,94.1915,108.696
5.0313442,-1.1141728,94.1915,108.96924
5.0280582,-1.113501,94.1915,111.732
5.0154329,-1.0875732,94.1915,111.732
5.0004483,-1.0541931,94.1915,111.732
4.9777188,-1.0235715,94.1915,111.732
4.9534271,-0.99977724,94.1915,111.732
4.9321164,-0.98017883,94.1915,112.04132
4.8977601,-0.97153627,93.866495,112.15
4.8534364,-1.02869581,92.0248,112.15
4.8132503,-1.2076415,92.0248,112.15
4.7821351,-1.4344023,92.0248,112.15
4.7543061,-1.6043671,92.0248,112.2361
4.7293061,-1.6305113,92.0248,112.36
4.6977175,-1.53299,92.0248,112.36
4.6403503,-1.4649996,92.0248,112.36
4.5755462,-1.4593665,92.0248,112.36
4.5222044,-1.4927613,92.0248,112.3768
4.4799559,-1.5775909,92.30683,112.57
4.4448979,-2.0331116,93.905,112.57
4.4016541,-3.3291104,93.905,112.57
4.3201815,0.168476383999087,93.905,112.57
4.2164553,0.168476383999087,93.905,112.57
4.0997222,0.168476383999087,93.905,113.41214
3.9832059,-3.4502652,93.905,113.636
3.8892853,-1.5072908,93.905,113.636
3.8060729,-0.0093628019,93.905,113.636
3.7076753,0.83702987,93.905,113.636
3.6136352,1.1725555,94.19624,114.1134
3.543436,1.2160857,95.8466,114.504
3.4992062,1.0927917,95.8466,114.504
3.4721409,0.86915897,95.8466,114.504
3.4375368,0.64883726,95.8466,114.504
3.3763249,0.51337884,95.8466,115.41748
3.3184719,0.47349241,95.8466,116.732
3.2954651,0.49016421,95.8466,116.732
3.2807342,0.4911011,95.8466,116.732
3.2505704,0.43663326,95.8466,116.732
3.2130705,0.3421234,95.997545,116.51552
3.1704287,0.2706116,96.8529,115.83
3.1281098,0.23092345,96.8529,115.83
3.0888148,0.21273796,96.8529,115.83
3.0551214,0.20995774,96.8529,115.83
3.0330256,0.27214351,96.8529,115.83
3.0215219,0.54459533,96.8529,112.03908
3.0071139,0.97281515,96.8529,111.317
2.9574464,1.3248596,96.8529,111.317
2.8987485,1.4958495,96.8529,111.317
2.8619231,1.5426208,96.54297,111.317
2.8474239,1.4966245,94.7867,110.31305
2.8335452,1.3748805,94.7867,106.952
2.7987058,1.2436282,94.7867,106.952
2.7752954,1.1267299,94.7867,106.952
2.9119051,1.0417328,94.7867,106.952
3.2577667,0.99426872,94.7867,106.952
3.6648316,0.98353872,94.7867,105.50484
4.0189511,0.98933408,94.7867,103.806
4.3015289,0.99362807,94.7867,103.806
4.4927152,0.98054806,94.798385,103.806
4.5902015,0.95777288,94.8646,103.806
4.613305,0.94049073,94.8646,103.806
4.5901642,0.94197388,94.8646,101.985192
4.5542176,0.96217046,94.8646,99.6678
4.5181883,0.9680695,94.8646,99.6678
4.4521305,0.90915833,94.8646,99.6678
4.3486661,0.8103851,94.8646,99.6678
4.1904421,0.82014765,94.8646,99.6678
4.0203399,1.02576617,94.8646,99.08343
3.961312,1.255795,95.83771,97.7199
4.0493584,1.3614861,101.352,97.7199
4.2343565,1.3427433,101.352,97.7199
4.4477387,1.2589903,101.352,97.7199
4.6632509,1.167325,101.352,97.7199
4.843387,1.0987423,101.352,98.381129
4.9789335,1.0415373,101.352,100
5.0668336,0.96832268,101.352,100
5.0943067,0.87853397,101.352,100
5.0837918,0.80628969,101.352,100
5.0583562,0.76856077,101.6664,100
5.0340114,0.76242072,103.448,99.7934
5.0131931,0.77687976,103.448,99.1736
4.9872745,0.77754216,103.448,99.1736
4.9539885,0.6941528,103.448,99.1736
4.928573,0.67487183,103.448,99.1736
4.9131501,0.88392349,103.448,99.1736
4.905251,1.2690275,103.448,99.431884
4.9091674,1.623993,103.448,100.167
4.909951,1.8293944,103.448,100.167
4.9099022,1.8831904,103.58525,100.167
4.910403,1.849304,104.363,100.167
4.9148729,1.7841795,104.363,100.167
4.9113463,1.7312806,104.363,103.12436
4.9036807,1.6996581,104.363,105.448
4.8795469,1.6717257,104.363,105.448
4.8399257,1.6317808,104.363,105.448
4.7967684,1.5987616,104.363,105.448
4.75592,1.5714994,104.363,105.53953
4.7225286,1.5371673,104.363,108.499
4.7085965,1.5051574,103.09745,108.499
4.7225434,1.4583282,95.926,108.499
4.7181919,1.3373536,95.926,108.499
4.669702,1.08147262,95.926,108.499
4.6208375,0.55818787,95.926,108.70388
4.6186398,-0.05484927774,95.926,108.893
4.6401888,-0.47068177,95.926,108.893
4.6772306,-0.84747935,95.926,108.893
4.7217801,-1.8247651,95.926,108.893
4.7159977,-2.9520321,95.926,109.15916
4.6697082,-3.47857,95.15284,111.111
4.6099488,-3.4709836,90.7716,111.111
4.5406984,-3.2233951,90.7716,111.111
4.4725676,-2.8837339,90.7716,111.111
4.406848,-2.5330196,90.7716,111.111
4.3197749,-2.2055204,90.7716,115.08582
4.2115048,-1.9308019,90.7716,115.385
4.0885348,-1.7113158,90.7716,115.385
3.9526883,-1.4809082,90.7716,115.385
3.8216343,-1.2158143,90.7716,115.385
3.7142278,-0.88067941,91.286295,117.7285
3.5668976,-0.377285757,94.2029,118.11
3.3237948,0.18334351046,94.2029,118.11
3.0575684,0.61914676,94.2029,118.11
2.806897,0.83826604,94.2029,118.11
2.7900085,0.83125615,94.2029,120.62504
3.2133359,0.32806704693,94.2029,120.968
3.848523,-0.78605345,94.2029,120.968
4.4018862,-1.6909943,94.2029,120.968
4.7247894,-1.8350158,94.2029,120.968
4.6515692,-1.5004304,94.97312,121.92151
4.2439665,-0.86824939,99.3377,121.951
3.7567871,0.3604278919,99.3377,121.951
3.3770325,2.0193239,99.3377,121.951
3.0653748,3.5235867,99.3377,121.98088
2.8004031,0.168476383999087,99.3377,122.449
2.6383209,0.168476383999087,99.3377,122.449
2.5664548,3.825076,99.3377,122.449
2.5679409,3.0368927,99.3377,122.449
2.5938338,2.4054775,99.3377,122.957
2.5855108,1.9802524,100.439195,124.481
2.5517241,1.7434232,106.681,124.481
2.4943543,1.596625,106.681,124.481
2.504959,1.4793763,106.681,124.481
2.7536653,1.4256478,106.681,124.481
3.1881225,1.5106595,106.681,124.481
3.6281895,1.7000852,106.681,124.481
3.978396,1.8624605,106.681,124.481
4.2128416,1.898218,106.681,124.481
4.3445863,1.7981963,106.681,123.42436
4.3748607,1.5492675,106.9684,122.449
4.3513819,1.2141936,108.597,122.449
4.3227717,0.89795831,108.597,122.449
4.3028351,0.64935914,108.597,122.449
4.281616,0.56948546,108.597,120.53984
4.2323546,0.65815732,108.597,118.11
4.1637182,0.84564207,108.597,118.11
4.1074712,1.04563593,108.597,118.11
4.0693788,1.1709783,108.597,118.11
4.0366186,1.1956242,108.597,117.66354
3.856067,1.1289673,108.61185,111.732
3.3538207,0.99760741,108.696,111.732
2.6000853,0.76766362,108.696,111.732
4.38284849858626,0.58895267,108.696,111.732
4.38284849858626,0.57978212,108.696,111.732
4.38284849858626,0.30545956,108.696,109.60564
4.38284849858626,0.19344173,108.696,107.72
4.38284849858626,0.30278628,108.696,107.72
4.38284849858626,0.42618407,108.696,107.72
4.38284849858626,0.47372443,108.696,107.72
4.38284849858626,0.40333253,108.9384,107.72
4.38284849858626,0.2786102,110.312,105.87968
4.38284849858626,0.1595917,110.312,105.448
4.38284849858626,0.080279565,110.312,105.448
4.38284849858626,0.062365725,110.312,105.448
3.1078706,0.108047515,110.312,105.448
3.9455536,0.19557493,110.312,105.92617
4.4949766,0.24810495,110.312,107.527
4.7903291,-0.01219175938,110.312,107.527
4.9176573,-0.98101182,110.312,107.527
4.9558291,-2.158951,110.9081,107.527
4.9450318,-2.7347681,114.286,107.527
4.8908849,-2.7130918,114.286,109.37014
4.8192682,-2.3164794,114.286,109.89
4.7702848,-1.7543064,114.286,109.89
4.7382265,-1.2306364,114.286,109.89
4.7042875,-0.82239993,114.286,109.89
4.652182,-0.52593383,114.286,112.06256
4.5914303,-0.35019229,114.286,114.068
4.5472442,-0.28258673,114.286,114.068
4.5279398,-0.28679507,114.385,114.068
4.5146629,-0.32323917,114.946,114.068
4.4665678,-0.37570802,114.946,114.014
4.3764342,-0.54970093,114.946,113.852
4.3002779,-1.07554321,114.946,113.852
4.2504245,-1.7946716,114.946,113.852
4.2229066,-2.2477203,114.946,113.852
4.1808744,-2.3733925,114.946,114.04616
4.0806701,-2.2953306,114.946,116.279
3.9667881,-2.1614048,114.946,116.279
3.8651031,-2.1916078,114.5266,116.279
3.790582,-2.488812,112.15,116.279
3.7644772,-2.8471228,112.15,116.38976
3.7578003,-3.101547,112.15,119.048
3.7532968,-3.173723,112.15,119.048
3.7644435,-3.1056308,112.15,119.048
3.8068912,-2.6953735,112.15,119.048
3.8502013,-1.7532103,112.15,119.1076
3.8524898,-0.5032348509,112.15,120.24
3.8090457,0.63773488,112.15,120.24
3.7431766,1.3793582,111.7966,120.24
3.6708611,1.7226995,109.794,120.24
3.6119785,1.8058773,109.794,120.47954
3.5867434,1.7902257,109.794,121.951
3.572229,1.7589843,109.794,121.951
3.5367247,1.7256831,109.794,121.951
3.4979583,1.7060858,109.794,121.951
3.4736482,1.6857477,109.794,122.27652
3.4639575,1.6446416,109.794,123.203
3.4683138,1.5610719,109.794,123.203
3.4518497,1.4729586,109.1445,123.203
3.4076808,1.4211276,105.464,123.203
3.3562466,1.4065458,105.464,122.7648
3.3083987,1.4112266,105.464,121.951
3.2654972,1.4176787,105.464,121.951
3.221774,1.4029995,105.464,121.951
3.157306,1.3522124,105.464,121.951
3.0887538,1.2829957,105.464,120.90292
3.0430450000000002,1.2079131,105.464,117.187
3.0282434,1.1007905,105.464,117.187
3.0329373,0.95269463,105.08345,117.187
3.045823,0.81669014,102.927,117.187
3.035483,0.72112728,102.927,117.187
3.0196566,0.67492982,102.927,114.908524
3.0058318,0.66929312,102.927,98.199700000000007
2.986875,0.68479921,102.927,98.199700000000007
2.9700953,0.68425902,102.927,98.199700000000007
2.9570274,0.6072937,102.927,98.199700000000007
2.9266393,0.46642149,102.927,98.199700000000007
2.8626708,0.32490841,102.927,98.199700000000007
2.7985383,0.21632387,102.9519,94.596601
2.7585784,0.17212233,103.093,89.8204
2.7294859,0.18184211,103.093,89.8204
2.6762116,0.20519408,103.093,89.8204
2.6356723,0.20575864,103.093,89.8204
2.7823275,0.17979741,103.093,89.8204
3.1750704,0.26641847,103.093,89.8204
3.7017818,0.60205991,103.093,89.440763
4.2143981,1.09348189,103.093,89.2857
4.6008971,1.5003746,103.093,89.2857
4.8403231,1.7258086,103.09465,89.2857
4.9763765,1.8057367,103.104,89.2857
5.0403353,1.8028716,103.104,89.2857
5.0532222,1.7570346,103.104,90.953672
5.0284391,1.7002444,103.104,94.1915
4.9784026,1.6533688,103.104,94.1915
4.9245793,1.6126037,103.104,94.1915
4.8798981,1.580594,103.104,94.1915
4.8536315,1.5637357,103.104,94.1915
4.8435423,1.5619075,103.104,94.1915
4.8230805,1.5697625,103.79775,94.048328
4.7837892,1.5841159,107.729,94.0439
4.7533814,1.6037292,107.729,94.0439
4.744806,1.6219182,107.729,94.0439
4.7606748,1.6356169,107.729,94.0439
4.7810825,1.6273777,107.729,94.0439
4.780069,1.5893341,107.729,95.696839
4.7613773,1.537445,107.729,96.3082
4.741504,1.4778195,107.729,96.3082
4.7299771,1.4128362,107.729,96.3082
4.7210517,1.3504853000000001,107.1323,96.3082
4.6987181,1.2892431,103.751,96.3082
4.647064,1.2267116,103.751,96.388696
4.5780002,1.1623354,103.751,96.463
4.5171627,1.0987336,103.751,96.463
4.475439,1.0404874,103.751,96.463
4.4511603,0.99729031,103.751,96.463
4.4336453,0.96676942,103.751,96.463
4.3806339,0.92936105,103.751,98.0654
4.3098119,0.9660277,103.751,99.6678
4.2488071,1.1705298,102.96668,99.6678
4.2166477,1.4781096,98.5222,99.6678
4.1989891,1.7399934,98.5222,99.6678
4.1825711,1.8846438,98.5222,99.6678
4.1609921,1.933134,98.5222,101.409368
4.1118867,1.9237302,98.5222,102.389
4.0332794,1.8827854,98.5222,102.389
3.9387731,1.8325159,98.5222,102.389
3.8415556,1.7924657,98.5222,102.389
3.7659701,1.7666558,98.5222,102.389
3.7088617,1.7526277,98.65861,104.66946
3.658484,1.739466,99.4316,104.895
3.6151486,1.7136108,99.4316,104.895
3.581983,1.6820068,99.4316,104.895
3.558765,1.6492436,99.4316,104.895
3.5278073,1.6143219,99.4316,104.75343
3.4632842,1.5743107,99.4316,103.806
3.3842288,1.5345731,99.4316,103.806
3.3081057,1.4867766,99.4316,103.806
3.2425935,1.4342315,99.4316,103.806
3.1856933,1.3979012,99.77111,103.806
3.1488279,1.3711486,101.695,103.49686
3.1884159,1.3010466,101.695,102.74
3.3658475,1.2374089,101.695,102.74
3.7085873,1.289865,101.695,102.74
4.1487882,1.4120061,101.695,102.74
4.542267,1.5188966,101.695,102.74
4.8200898,1.5893829,101.695,104.79821
4.981729,1.6316745,101.695,106.007
5.0536713,1.6514921,101.695,106.007
5.0699961,1.6481959,101.87815,106.007
5.050757,1.6296753,102.916,106.007
5.0073365,1.5969117,102.916,106.007
4.9540249,1.5540402,102.916,104.69247
4.9112857,1.5019684,102.916,104.53
4.8860445,1.4390722,102.916,104.53
4.8733768,1.3848604,102.916,104.53
4.8729413,1.3510137,102.916,104.53
4.8733671,1.3318476,102.916,104.55912
4.8414005,1.3110478,102.916,104.712
4.7772157,1.2616853,103.46485,104.712
4.7119998,1.1756564,106.575,104.712
4.6737455,1.0796783,106.575,104.712
4.6540612,1.00525835,106.575,104.712
4.641794,0.95300906,106.575,104.14535
4.6108735,0.91228639,106.575,103.093
4.568567,0.86715088,106.575,103.093
4.5272307,0.78319396,106.575,103.093
4.495996,0.6852539,106.575,103.093
4.4742889,0.63153684,106.575,103.093
4.4420742,0.62772206,105.430305,101.996936
4.3489138,0.63704239,98.9437,99.6678
4.2063445,0.61936031,98.9437,99.6678
4.0770297,0.51730954,98.9437,99.6678
3.9967682,0.42777711,98.9437,99.6678
3.9351745,0.5192901,98.9437,99.6678
3.8786405,0.70285033,98.9437,99.367167
3.8218448,0.86790162,98.9437,98.3607
3.7603972,0.95972901,98.9437,98.3607
3.7054169,0.97067869,98.9437,98.3607
3.6519167,0.94231865,97.595395,98.3607
3.5851652,0.90115054000000006,89.955,98.3607
3.4881373,0.85077517,89.955,98.3607
3.393399,0.81042478,89.955,96.070821
3.3085232,0.79920952,89.955,96
3.2138241,0.79529426,89.955,96
3.125171,0.77750547,89.955,96
3.0614046,0.72520139,89.955,96
3.0363734,0.6340576,89.955,96
3.0699838,0.5491882,89.955,95.127808
3.1432895,0.49219666,89.855355,94.637200000000007
3.2238861,0.44689326,89.2907,94.637200000000007
3.299536,0.36874995,89.2907,94.637200000000007
3.3689543,0.27981266,89.2907,94.637200000000007
3.4206449,0.21997066,89.2907,94.637200000000007
3.4337962,0.18644113,89.2907,95.155064
3.3900483,0.15478209,89.2907,96
3.3081269,0.098599273,89.2907,96
3.1930633,0.0330841079,89.2907,96
3.0674468,-0.03453369351,89.2907,96
2.9566895,-0.106433124,89.492255,96
2.8706813,-0.17330319,90.6344,96.1861
2.9123874,-0.23306583,90.6344,96.9305
3.1977541,-0.30217897,90.6344,96.9305
3.6415525,-0.47265935,90.6344,96.9305
4.0770021,-0.71759332,90.6344,96.9305
4.4300142,-1.26544172,90.6344,96.9305
4.6849764,-2.4412505,90.6344,97.266965
4.8533567,0.168476383999087,90.6344,99.1736
4.9390166,0.168476383999087,90.6344,99.1736
4.9422938,0.168476383999087,91.491065,99.1736
4.8826117,0.168476383999087,96.3455,99.1736
4.8092748,0.168476383999087,96.3455,99.1736
4.7616822,0.168476383999087,96.3455,102.8728
4.7318725,0.168476383999087,96.3455,106.572
4.6990237,0.168476383999087,96.3455,106.572
4.6356691,-3.7050775,96.3455,106.572
4.5549316,-3.3226442,96.3455,106.572
4.4843865,-2.8712283,96.3455,107.1414
4.4434305,-2.4269715,96.3455,111.317
4.4278162,-2.0786499,97.614275,111.317
4.4117805,-1.8692074,104.804,111.317
4.3482421,-1.7904364,104.804,111.317
4.2504732,-1.7759522,104.804,111.317
4.1884033,-1.7834022,104.804,113.47175
4.1544254,-1.8192687,104.804,113.852
4.1034434,-1.8838443,104.804,113.852
4.0736432,-1.9606872,104.804,113.852
4.0399085,-2.0459318,104.804,113.852
4.1617215,-2.1097771,104.804,114.1124
4.394223,-2.0947167,104.468,114.286
4.6422548,-2.0196288,102.564,114.286
4.844144,-1.9554446,102.564,114.286
4.9817048,-1.9230277,102.564,114.286
5.0502901,-1.9028142,102.564,115.67896
5.0703927,-1.7941493,102.564,117.188
5.0702225,-1.4337162,102.564,117.188
5.0663352,-0.72454846,102.564,117.188
5.0615682,0.14693301,102.564,117.188
5.0577308,0.86673586,102.564,117.5568
5.0467587,1.2997339,102.54135,118.11
5.0339295,1.4878142,102.413,118.11
5.023142,1.5197389,102.413,118.11
5.0114504,1.4841037,102.413,118.11
4.9800539,1.4268342,102.413,118.44768
4.9298036,1.3602088,102.413,119.048
4.8811671,1.2898195,102.413,119.048
4.8526091,1.205435,102.413,119.048
4.841131,1.1179105,102.413,119.048
4.829758,1.0496614,102.413,119.048
4.8134332,1.0166529,102.3089,119.048
4.7865544,0.98405138,101.719,119.048
4.7660031,0.93103022,101.719,119.048
4.7574083,0.87677615,101.719,119.048
4.7393342,0.82330628,101.719,118.8135
4.6970426,0.77158813,101.719,118.11
4.663213,0.73237914,101.719,118.11
4.6241239,0.67821656,101.719,118.11
4.5665584,0.6100464,101.719,118.11
4.5087495,0.5456726,101.719,117.97188
4.4661191,0.46421814,100.81522,116.959
4.4370149,0.31959532,95.6938,116.959
4.3802368,0.09811097379,95.6938,116.959
4.3117429,-0.0840789801,95.6938,116.959
4.3069243,-0.18777165,95.6938,116.96588
4.4140629,-0.2232971,95.6938,117.647
4.5977873,-0.23154906,95.6938,117.647
4.7991545,-0.26375427,95.6938,117.647
4.9921631,-0.36064758,95.6938,117.647
5.1524264,-0.51997375,95.6938,117.647
5.2588042,-0.70407105,95.419495,118.07759
5.3037844,-0.88893738,93.8651,118.11
5.3005165,-1.02955671,93.8651,118.11
5.2789,-0.87752977,93.8651,118.11
5.2570346,-0.2374938905,93.8651,118.11
5.2396236,0.630487,93.8651,119.1666
5.226038,1.3726655,93.8651,119.284
5.2218927,1.8414977,93.8651,119.284
5.2249185,2.064511,93.8651,119.284
5.2308254,2.1230978,93.8651,119.284
5.2318353,2.0867518,94.924985,119.49344
5.2196297,1.9989499,100.931,119.522
5.1846618,1.8929871,100.931,119.522
5.1345493,1.7850432,100.931,119.522
5.0806613,1.7030274,100.931,119.522
5.0345707,1.6526853,100.931,120.386
5.0076083,1.6204804,100.931,120.482
4.9964084,1.5816837,100.931,120.482
4.9631045,1.4492706,100.931,120.482
4.9179172,1.1913268,100.931,120.482
4.9111706,0.91481009,101.07155,117.87895
4.9586669,0.69924312,101.868,117.187
5.0268155,0.57715459,101.868,117.187
5.0788511,0.60405272,101.868,117.187
5.1014558,0.75145262,101.868,117.187
5.1004875,0.91854248,101.868,116.3728
5.0824985,1.03974331,101.868,115.83
5.0470032,1.1240634,101.868,115.83
4.9880891,1.1678254,101.868,115.83
4.9136115,1.1823266,101.868,115.83
4.8347017,1.1850162,101.476635,114.88746
4.7698638,1.1954932,99.2589,111.732
4.7234164,1.211205,99.2589,111.732
4.6898437,1.1988287,99.2589,111.732
4.6569888,1.1527343,99.2589,111.732
4.6148712,1.1029056,99.2589,111.732
4.5468504,1.0728815,99.2589,108.18768
4.4758786,1.0617982,99.2589,104.348
4.4346861,1.0532708,99.2589,104.348
4.4279437,1.0415996,99.2589,104.348
4.4430793,1.0517425,99.295485,104.348
4.4681848,1.074844,99.5028,104.348
4.4731435,1.0898768,99.5028,102.052617
4.4667933,1.0836428,99.5028,99.0099
4.4620851,1.0444825,99.5028,99.0099
4.4304874,0.98110667,99.5028,99.0099
4.3635162,0.92189326,99.5028,99.0099
4.3214689,0.88594358,99.5028,99.0099
4.3229094,0.87745365,99.5028,99.774006
4.3335693,0.87382819,99.5028,100.671
4.3398532,0.86644605,99.21153,100.671
4.2959807,0.81515497,97.561,100.671
4.1800844,0.72021175,97.561,100.671
4.0463101,0.62093198,97.561,100.671
4.0066197,0.54053953,97.561,99.839292
4.1476499,0.48580322,97.561,98.3607
4.4150541,0.44402464,97.561,98.3607
4.6854858,0.35460514,97.561,98.3607
4.8948913,0.157098396,97.561,98.3607
5.0398409,-0.09300840298,97.561,98.3607
5.1195768,-0.2598938,98.06875,99.377213
5.1430536,-0.32018121,100.946,100.84
5.1284208,-0.3129577,100.946,100.84
5.1007695,-0.29110407,100.946,100.84
5.0899117,-0.27900708,100.946,100.84
5.098745,-0.27762151,100.946,100.84
5.1072085,-0.30154111,100.946,102.56794
5.102372,-0.39994507,100.946,103.627
5.0907095,-0.56575314,100.946,103.627
5.0812015,-0.74667667,100.946,103.627
5.0769861,-0.86501466,101.79035,103.627
5.0616247,-0.89067083,106.575,103.627
5.0253843,-0.83690184,106.575,104.0968
4.97731,-0.75516057,106.575,104.167
4.9270145,-0.73334354,106.575,104.167
4.878098,-0.86053771,106.575,104.167
4.8316312,-1.04536716,106.575,104.167
4.7827944,-1.1951476,106.575,104.81575
4.7191865,-1.2714015,106.575,106.762
4.6679106,-1.2991359,106.575,106.762
4.6378512,-1.3268528,106.3506,106.762
4.5972473,-1.3945218,105.079,106.762
4.4956793,-1.4883182,105.079,106.762
4.3367677,-1.5732238,105.079,107.8407
4.2387485,-1.6281374,105.079,108.303
4.2923248,-1.6509089,105.079,108.303
4.4826446,-1.5598086,105.079,108.303
4.716336,-1.1711701,105.079,108.303
4.9286374,-0.54718624,105.079,108.33632
5.0776731,0.0489654494,105.079,108.499
5.1661836,0.46935425,104.821,108.499
5.2108581,0.70796201,103.359,108.499
5.2262011,0.81326596,103.359,108.499
5.2192876,0.83685006,103.359,108.499
5.1893925,0.81375735,103.359,111.32062
5.1513824,0.77791134,103.359,111.94
5.1255369,0.75316458,103.359,111.94
5.1144913,0.75684206,103.359,111.94
5.111701,0.77696221,103.359,111.94
5.104468,0.7837219,103.359,111.5264
5.0814331,0.75738825,103.4802,110.906
5.0556646,0.68341371,104.167,110.906
5.0346615,0.56791383,104.167,110.906
5.0231477,0.44450381,104.167,110.906
5.0174235,0.35637515,104.167,110.906
5.0167274,0.31430045,104.167,108.26162
4.9994018,0.30506282,104.167,107.72
4.9635679,0.30380857,104.167,107.72
4.9252622,0.29106438,104.167,107.72
4.8921416,0.26067202,104.167,107.72
4.8556337,0.20115043,103.365205,107.45862
4.8167205,0.119833369,98.8217,103.986
4.7878569,0.0315551822,98.8217,103.986
4.7762175,0.068551622,98.8217,103.986
4.7731395,0.38015748,98.8217,103.986
4.773124,0.85213325,98.8217,103.986
4.7773802,1.2641356,98.8217,103.88548
4.7780577,1.5217562,98.8217,103.627
4.767193,1.634857,98.8217,103.627
4.7369172,1.6496582,98.8217,103.627
4.7063451,1.6184575,98.039,103.627
4.6769201,1.5718264,93.6037,103.627
4.6488067,1.5131527,93.6037,104.96473
4.612628,1.4382384,93.6037,105.82
4.572964,1.3632448,93.6037,105.82
4.5168059,1.2989321,93.6037,105.82
4.443103,1.2569154,93.6037,105.82
4.3791074,1.2380099,93.6037,105.82
4.3346987,1.2301517,93.6037,105.48148
4.3070304,1.2120904,93.6037,105.448
4.3016914,1.1618927,93.29332,105.448
4.3109941,1.0972564,91.5345,105.448
4.2619415,1.0657289,91.5345,105.448
4.1534507,1.0684688,91.5345,105.22948
4.048602,1.0866299,91.5345,103.627
3.9701602,1.0797484,91.5345,103.627
3.9202851,1.0217558,91.5345,103.627
3.8986819,0.9530334,91.5345,103.627
3.8679958,0.9087738,91.5345,103.627
3.8029022,0.85263061,91.5345,103.68786
3.7375859,0.75244444,91.866825,103.806
3.6954591,0.65153195,93.75,103.806
3.668912,0.57116087,93.75,103.806
3.6414672,0.53312997,93.75,103.806
3.6387241,0.5625183,93.75,103.806
3.7437253,0.62171637,93.75,105.79752
4.0192532,0.62215885,93.75,106.572
4.3493406,0.56040343,93.75,106.572
4.6571073,0.53154601,93.75,106.572
4.9074646,0.58026123,93.75,106.572
5.086789,0.67896425,94.490205,107.0362
5.1852628,0.78398441,98.6847,108.893
5.1995296,0.85580144,98.6847,108.893
5.1568358,0.84421081,98.6847,108.893
5.1039333,0.76327208,98.6847,108.893
5.0611517,0.67409666,98.6847,108.893
5.0207859,0.5992248,98.6847,111.27776
4.9869749,0.51772156,98.6847,111.732
4.9546787,0.40426633,98.6847,111.732
4.9198578,0.25574952,98.6847,111.732
4.8833343,0.13485722,99.955245,111.732
4.8407224,0.098397835,107.155,113.06352
4.7740513,0.14736021,107.155,114.068
4.6981171,0.22107848,107.155,114.068
4.629941,0.27150571,107.155,114.068
4.5592008,0.29328305,107.155,114.068
4.4809355,0.30032964,107.155,115.472
4.3984892,0.28070983,107.155,117.188
4.3151854,0.21567387,107.155,117.188
4.2520383,0.085873435,107.155,117.188
4.2090908,-0.06127930963,107.011,117.188
4.1816838,-0.16201175,106.195,117.52914
4.1614407,-0.20061345,106.195,118.11
4.105032,-0.1939941,106.195,118.11
4.0016567,-0.17669074,106.195,118.11
3.8984315,-0.15989982,106.195,118.11
3.8149991,-0.13879089,106.195,118.33464
3.7665099,-0.100814854,106.195,118.812
3.7453837,-0.052441402,106.195,118.812
3.7108151,-0.030490104,106.195,118.812
3.6378088,-0.056463616,105.47575,118.812
3.5383634,-0.19128417,101.4,118.54405
3.4959111,-0.43827203,101.4,117.647
3.6925476,-0.73417665,101.4,117.647
4.1030697,-1.17975764,101.4,117.647
4.5399961,-1.5871523,101.4,117.647
4.887311,-1.7648319,101.4,117.62216
5.1073882,-1.4583586,101.4,115.163
5.2210418,-0.62122197,101.4,115.163
5.2651432,0.4093811066,101.4,115.163
5.2643406,1.24873275,100.83069,115.163
5.2345361,1.7257232,97.6046,115.163
5.177362,1.884543,97.6046,115.163
5.0959442,1.8403198,97.6046,115.163
5.0108152,1.7191651,97.6046,115.163
4.9390597,1.5972964,97.6046,115.163
4.8866428,1.4789216,97.6046,115.163
4.8343541,1.3848204,97.6046,115.57654
4.7790375,1.2992342,97.6046,115.83
4.735297,1.1655606,97.6046,115.83
4.7108129,0.99520879,98.37491,115.83
4.6972344,0.82964477,102.74,115.83
4.6930262,0.72713014,102.74,114.852
4.6706451,0.68456419,102.74,112.57
4.6242584,0.65846558,102.74,112.57
4.5767791,0.61868592,102.74,112.57
4.5303892,0.56044005,102.74,112.57
4.4801332,0.49057619,102.74,112.57
4.4567438,0.42627264,102.74,110.17877
4.5549196,0.38253781,102.74,109.689
4.7557528,0.34992983,102.13487,109.689
4.9704344,0.2904114,98.7058,109.689
5.1480008,0.31090692,98.7058,109.689
5.2727692,0.59729613,98.7058,109.20975
5.3396308,1.08620952,98.7058,107.914
5.3539386,1.5361391,98.7058,107.914
5.3482578,1.8060703,98.7058,107.914
5.3359378,1.902307,98.7058,107.914
5.317346,1.8712709,98.7058,107.914
5.3001213,1.7552367,98.7058,109.8656
5.2854881,1.6186188,99.08323,110.294
5.2638521,1.5133419,101.222,110.294
5.2364139,1.4551664,101.222,110.294
5.2108182,1.4293096,101.222,110.294
5.1912139,1.400064,101.222,110.9411
5.1782444,1.3655515,101.222,111.732
5.1665615,1.3250857,101.222,111.732
5.1520148,1.2734832,101.222,111.732
5.1343441,1.225482,101.222,111.732
5.0978573,1.2059351,101.222,111.7738
5.0496188,1.2113828,101.3189,112.15
5.0123047,1.2133162,101.868,112.15
4.9976627,1.1977881,101.868,112.15
4.9781402,1.1620115,101.868,112.15
4.9437807,1.1106382,101.868,112.15
4.9190858,1.054996,101.868,111.55857
4.9140821,0.95890203,101.868,111.317
4.9002537,0.82749325,101.868,111.317
4.8357763,0.72723999,101.868,111.317
4.7081637,0.67303773,101.868,111.317
4.5616364,0.66296692,101.92065,111.5669
4.4405003,0.66329949,102.219,112.15
4.3806914,0.74041137,102.219,112.15
4.3432278,0.88995354,102.219,112.15
4.2771573,0.8585236,102.219,112.15
4.1698635,0.71660156,102.219,112.15
4.0604217,0.56809078,102.219,111.34199
3.9680295,0.45909122,102.219,111.317
3.8845981,0.38963929,102.219,111.317
3.8106294,0.34870914,102.219,111.317
3.7787202,0.32703256000000003,102.20535,111.317
3.7775264,0.3105895,102.128,111.566
3.8626348,0.28040465,102.128,111.732
4.1143094,0.20799866,102.128,111.732
4.4765562,0.09429937,102.128,111.732
4.8342775,0.0230102532,102.128,111.732
5.1117369,0.18272095,102.128,111.52205
5.2756191,0.50835879,102.128,110.497
5.3529572,0.83568422,102.128,110.497
5.3728431,1.05886513,102.128,110.497
5.3570071,1.1682498,102.85775,110.497
5.3183716,1.1927888,106.993,110.497
5.2704252,1.1613678,106.993,111.485
5.2088683,1.0867037,106.993,111.732
5.1078093,0.98636163,106.993,111.732
5.0269318,0.89104006,106.993,111.732
4.9841887,0.82511288,106.993,111.732
4.9575626,0.76733704,106.993,110.76912
4.9383911,0.69544983,106.993,107.72
4.9239101,0.60527952,106.993,107.72
4.9115238,0.43800048,107.48815,107.72
4.9044118,0.1432830972,110.294,107.72
4.8912352,-0.146090689,110.294,107.72
4.8509799,-0.29756465,110.294,105.7248
4.8075989,-0.31397698,110.294,100.84
4.7812197,-0.25771793,110.294,100.84
4.779742,-0.21002202,110.294,100.84
4.7856048,-0.22867429,110.294,100.84
4.7868464,-0.31271359,110.294,100.84
4.7777642,-0.42967831,110.294,100.393138
4.7665923,-0.45643922,109.9829,97.4026
4.7591898,-0.1807831098,108.22,97.4026
4.759992,0.323403906,108.22,97.4026
4.7706872,0.77679138,108.22,97.4026
4.7779942,1.05502283,108.22,97.4026
4.7695607,1.1723359,108.22,97.69432
4.7491704,1.1916322,108.22,99.8336
4.7247533,1.1670102,108.22,99.8336
4.7039831,1.1326171,108.22,99.8336
4.6911129,1.1044156,108.22,99.8336
4.6751497,1.0836027,107.36035,99.8336
4.6390012,1.0376185,102.489,99.818678
4.5483093,0.98039551,102.489,99.6678
4.373828,1.0012603,102.489,99.6678
4.0307556,1.0479661,102.489,99.6678
3.6068455,1.0480366,102.489,99.6678
3.0794705000000002,1.3483611,102.489,99.6678
2.5797331,1.5085418,102.489,100.466572
2.5888524,1.5227021,102.489,102.74
3.1111271,1.4613338,102.489,102.74
3.8203611,1.3799106,102.067305,102.74
4.4561515,1.3156649,99.6777,102.74
4.9003752,1.281119,99.6777,102.74
5.1416594,1.2696788,99.6777,103.37546
5.2151758,1.2642801,99.6777,103.986
5.1432071,1.2461181,99.6777,103.986
5.0042326,1.2190758,99.6777,103.986
4.8681398,1.2070646,99.6777,103.986
4.7537327,1.2114497,99.6777,103.986
4.6732395,1.2206415,99.6777,104.25388
4.6209073,1.2142455,100.351095,104.348
4.5737792,1.1795869,104.167,104.348
4.5113404,1.134726,104.167,104.348
4.4447141,1.0963348,104.167,104.348
4.3541228,1.055231,104.167,104.7393
4.2299043,1.00018316,104.167,107.143
4.0449982,0.94672236,104.167,107.143
3.7320131,0.92854291,104.167,107.143
3.3868777,0.96969906,104.167,107.143
3.1330049,1.0262709,104.167,107.143
2.9710848,1.01788396,104.1298,107.143
2.8878904,0.88964842,103.919,107.143
2.8729179,0.73096614,103.919,107.143
2.8882655,0.6369355,103.919,107.143
2.9058537,0.77089539,103.919,107.143
2.9213432,1.14971283,103.919,94.13135
2.9170342,1.5791903,103.919,107.028003300799
2.8798036,1.882666,103.919,107.028003300799
2.8536804,2.0093596,103.919,107.028003300799
2.8824217,2.011831,103.919,107.028003300799
2.9307039,2.0043102,103.7162,107.028003300799
2.9098998,1.8741907,102.567,107.028003300799
2.8422239,1.6540225,102.567,107.028003300799
2.7891484,1.5574611,102.567,107.028003300799
2.7509734,1.4917783,102.567,107.028003300799
2.7344342,1.4570803,102.567,107.028003300799
2.737872,1.4673646,102.567,107.028003300799
2.7225526,1.4898764,102.567,107.028003300799
2.6884187,1.4648076,102.567,107.028003300799
2.6598107,1.3867648,102.567,107.028003300799
2.6715976,1.2902643,102.77985,107.028003300799
2.7214421,1.2078796,103.986,107.028003300799
2.7726101,1.1516661,103.986,108.303
2.7700346,1.1133332,103.986,108.303
2.6942718,1.03739635,103.986,108.303
2.5647431,0.9009033,103.986,108.303
2.4225739,0.76104125,103.986,108.303
2.29852,0.66042169,103.986,107.0526
2.2868892,0.57110288,103.986,103.093
2.4897184,0.55596918,103.986,103.093
2.9170317,0.72517392,104.23395,103.093
3.4920687,1.10567659,105.639,103.093
4.0797821,1.5498168,105.639,103.093
4.5725892,1.880325,105.639,104.14558
4.907678,2.0332827,105.639,105.079
5.1014037,2.0431404,105.639,105.079
5.2033666,1.9610747,105.639,105.079
5.2549232,1.8537627,105.639,105.079
5.2708263,1.7722984,105.639,105.079
5.2708693,1.7333859,105.639,104.51613
5.2717081,1.7233754,106.2639,104.348
5.2734921,1.6945311,109.805,104.348
5.2654887,1.6436987,109.805,104.348
5.2511438,1.6089256,109.805,104.348
5.2299103,1.5995372,109.805,104.53049
5.2027312,1.5994027,109.805,106.007
5.1756803,1.5922061,109.805,106.007
5.1536565,1.571439,109.805,106.007
5.1413349,1.5365266,109.805,106.007
5.1280393,1.4820894,109.805,106.007
5.0953061,1.3977937,110.2835,105.69452
5.0466953,1.3046879,112.995,105.263
4.9915377,1.2303803,112.995,105.263
4.9461457,1.168863,112.995,105.263
4.9148804,1.1137999,112.995,105.263
4.8732240000000004,1.0608796,112.995,105.263
4.8130154,1.0197818,112.995,105.0054
4.7540221,0.99520558,112.995,104.895
4.7106603,0.97716061,112.995,104.895
4.6884338,0.9445709,112.995,104.895
4.6843801,0.88300472,112.55055,104.895
4.6626708,0.8106445,110.032,104.895
4.603751,0.7387848,110.032,104.37535
4.5413305,0.66290585,110.032,104.348
4.5201753,0.51036378,110.032,104.348
4.5223524,0.225772085,110.032,104.348
4.5115633,-0.1169219848,110.032,104.348
4.4679325,-0.41372681,110.032,104.348
4.4066834,-0.63201904,110.032,104.348
4.3417755,-0.76917723,110.032,104.348
4.2799898,-0.87561645,108.7219,104.348
4.2259586,-0.96440119,101.298,104.348
4.1657896,-1.03412148,101.298,104.348
4.0453553,-1.1123903,101.298,104.348
3.8952913,-1.2311828,101.298,104.348
3.7451327,-1.4309353,101.298,104.348
3.6109743,-1.6976592,101.298,104.348
3.5008173,-1.9398592,101.298,104.348
3.3940831,-2.1472019,101.298,104.348
3.2767276,-2.1730992,101.298,104.74184
3.1762147,-1.7511815,100.61943,104.895
3.1289497,-0.90101634,96.7742,104.895
3.2088685,0.0081268236,96.7742,104.895
3.5046356,0.70234686,96.7742,104.895
3.9459684,1.10657967,96.7742,105.81812
4.3616732,1.2658538,96.7742,109.091
4.6793546,1.2638062,96.7742,109.091
4.886166,1.170587,96.7742,109.091
5.0010101,1.04998458,96.7742,109.091
5.0460412,0.94779355,96.7742,109.091
5.0524963,0.86920777,96.992795,110.56115
5.0309787,0.81683352,98.2315,110.906
5.002646,0.78441767,98.2315,110.906
4.9846686,0.76057743,98.2315,110.906
4.9834952,0.74855943,98.2315,110.906
4.986978,0.74429318,98.2315,110.9921
4.9864902,0.71798707,98.2315,111.111
4.9749504,0.65901191,98.2315,111.111
4.9607912,0.60048214,98.2315,111.111
4.9575872,0.56449592,98.2315,111.111
4.9614989,0.54992664,99.205975,111.111
4.9736203,0.55250859,104.728,111.111
4.9858772,0.55721756,104.728,111.111
4.983344,0.56029678,104.728,111.111
4.9696096,0.56666572,104.728,111.111
4.9577029,0.5697571,104.728,111.111
4.9512854,0.55741581,104.728,110.865
4.946827,0.51853326,104.728,110.701
4.9335721,0.45961608,104.728,110.701
4.9108587,0.39863282,104.728,110.701
4.8995302,0.35702819,104.35105,110.701
4.9025974,0.33803707,102.215,110.64138
4.9047292,0.33046578,102.215,107.72
4.8834074,0.28768919,102.215,107.72
4.8358091,0.20991208,102.215,107.72
4.8270839,0.30426939,102.215,107.72
4.8956301,0.62211003,102.215,107.72
5.0051087,1.04734177,102.215,108.00567
5.1276854,1.392554,102.215,108.303
5.2350404,1.5688385,102.215,108.303
5.3088195,1.6013974,102.33935,108.303
5.3488929,1.5693338,103.044,108.303
5.3629775,1.5030918,103.044,108.303
5.3629624,1.4345246,103.044,108.4892
5.3524898,1.3809908,103.044,108.499
5.3303535,1.324548,103.044,108.499
5.2952603,1.2705201,103.044,108.499
5.2656989,1.2388343,103.044,108.499
5.2560634,1.2253934,103.044,108.12964
5.2562497,1.2237622,103.044,107.527
5.2560514,1.2181019,103.6593,107.527
5.2516899,1.1971257,107.146,107.527
5.23165,1.1622558,107.146,107.527
5.2080138,1.1195834,107.146,107.527
5.188431,1.0687833,107.146,105.91132
5.1672211,1.00631386,107.146,105.079
5.1275664,0.93486937,107.146,105.079
5.0682705,0.84874575,107.146,105.079
5.0147979,0.74621886,107.146,105.079
4.9700411,0.64153135,107.146,105.079
4.9050783,0.65213317,107.1745,103.13763
4.8584419,0.78395995,107.336,102.74
4.8739016,0.93782351,107.336,102.74
4.9282569,1.0475798,107.336,102.74
5.0022924,1.1031594,107.336,102.74
5.0752627,1.1150636,107.336,102.76661
5.1322936,1.0918425,107.336,103.627
5.1598381,1.02563466,107.336,103.627
5.1573001,0.92583618,107.336,103.627
5.1389124,0.82781681,107.336,103.627
5.1187533,0.75178526,107.48105,103.627
5.0992831,0.71090084,108.303,103.58583
5.0756201,0.69531844,108.303,103.448
5.0326935,0.69162284,108.303,103.448
4.9594445,0.66886295,108.303,103.448
4.8574646,0.5802154,108.303,103.448
4.709668,0.35668639,108.303,103.448
4.5586059,0.08458561429,108.303,103.79312
4.4286616,-0.110430906,108.303,104.167
4.2917511,-0.23459473,108.303,104.167
4.1617494,-0.35156858,108.201,104.167
4.0623931,-0.44189758,107.623,104.167
4.0058376000000004,-0.46018373,107.623,104.167
3.9782138,-0.43429564,107.623,104.86924
3.9568179,-0.41047377,107.623,105.079
3.9196196,-0.40234371,107.623,105.079
3.8956945,-0.40341489,107.623,105.079
3.8969858,-0.38552542,107.623,105.079
3.9098549,-0.34679565,107.623,105.71509
3.9211015,-0.29286188,107.623,108.108
3.9092685,-0.22695617,107.5081,108.108
3.8704742,-0.18423469,106.857,108.108
3.8448487,-0.17964797,106.857,108.108
3.8290591,-0.1677643,106.857,108.108
3.8070709,-0.13706055,106.857,111.1884
3.7822392,-0.093374629,106.857,111.732
3.724335,-0.047314452,106.857,111.732
3.6112002,-0.0139587381,106.857,111.732
3.4816103,-7.019039e-5,106.857,111.732
3.3764252,0.00752563586,106.857,113.3952
3.3095643,0.017742906,106.72995,114.504
3.266623,0.00785522378,106.01,114.504
3.2132445,-0.0206909211,106.01,114.504
3.1483279,-0.061654658,106.01,114.504
3.0843898,-0.14503785,106.01,114.58284
3.0343842,-0.25481876,106.01,114.723
3.0008451,-0.3415954,106.01,114.723
2.9791662,-0.37036734,106.01,114.723
2.9651306,-0.37031233,106.01,114.723
2.9596695,-0.37031852,106.01,114.723
2.958723,-0.35415346,105.8153,114.723
2.9588723,-0.42687681,104.712,114.723
2.9552362,-0.74121701,104.712,114.723
2.9261204,-1.20458975,104.712,114.723
2.8862939,-1.7162965,104.712,114.723
2.9934177,-2.1136049,104.712,107.028003300799
3.3633606,-2.3138637,104.712,107.028003300799
3.8561737,-2.3513992,104.712,107.028003300799
4.310867,-2.3440106,104.712,107.028003300799
4.6376312,-1.6655274,104.712,107.028003300799
4.837732,-0.61296067,104.5359,107.028003300799
4.937366,0.3674621619,103.538,92.799858
4.9636182,1.0378175,103.538,103.986
4.9503815,1.3776579,103.538,103.986
4.9143679,1.4770199,103.538,103.986
4.8623903,1.4462686,103.538,103.986
4.8136839,1.3552703,103.538,104.62338
4.7764587,1.2399046,103.538,107.527
4.7506991,1.1201481,103.538,107.527
4.7245787,1.00335388,103.538,107.527
4.6788695,0.89637755,104.2388,107.527
4.622989,0.81218878,108.21,107.527
4.5793644,0.76673885,108.21,106.20832
4.5186523,0.74944141,108.21,104.53
4.4129001,0.71062012,108.21,104.53
4.3643066,0.65526425,108.21,104.53
4.4483523,0.77539063,108.21,104.53
4.6465914,1.1151545,108.21,104.53
4.8783076,1.5179901,108.21,103.52932
5.0864988,1.8142942,108.21,102.916
5.2351898,1.9560918,107.8098,102.916
5.3179596,1.9728885,105.542,102.916
5.3419136,1.9267977,105.542,102.916
5.3266663,1.8558412,105.542,102.916
5.2974336,1.7743472,105.542,103.49902
5.2753667,1.6795436,105.542,103.627
5.2604364,1.5633335,105.542,103.627
5.2401086,1.4355071,105.542,103.627
5.2170043,1.3345399,105.542,103.627
5.2006805,1.267691,105.542,103.627
5.1932204,1.22536,106.14905,101.69132
5.1923756,1.1940767,109.589,101.523
5.1886286,1.1697507,109.589,101.523
5.1875908,1.1498207,109.589,101.523
5.1878078,1.1370172,109.589,101.523
5.1952824,1.129294,109.589,101.523
5.2050866,1.1261093,109.589,101.02539
5.2115082,1.1195534,109.589,101.01
5.2072183,1.0845791,109.589,101.01
5.2071182,0.98821095,109.589,101.01
5.2071023,0.8453705,109.574,101.01
5.2071392,0.72784728,109.489,101.04591
5.2071242,0.66416319,109.489,101.523
5.2069719,0.63243404,109.489,101.523
5.2071394,0.58600767,109.489,101.523
5.2071973,0.50682982,109.489,101.523
5.2071638,0.41531675,109.489,101.523
5.2070906,0.33052976,109.489,102.3162
5.207219,0.23059692,109.489,104.167
4.38284849858626,0.08757326652,109.489,104.167
5.1772764,-0.049594117,93.06565,104.167
5.1132259,0.00753174268,100.647396157813,104.167
5.0349034,0.205102567,100.647396157813,104.167
4.9579162,0.38480527,100.647396157813,106.97725
4.8873475,0.47799378,100.647396157813,107.914
4.8121977,0.49727786,100.647396157813,107.914
4.7459499,0.47452695,100.647396157813,107.914
4.7019346,0.4315857,100.647396157813,107.914
4.6815621,0.37160643,100.647396157813,108.0427
4.6753482,0.29939576,100.647396157813,108.499
4.661965,0.24136354,100.647396157813,108.499
4.6507872,0.19118347,100.647396157813,108.499
4.6422059,0.117993196,100.647396157813,108.499
4.632868,0.00940857044,100.647396157813,108.499
4.6183554000000004,-0.09892581,100.647396157813,109.55616
4.5727021,-0.18782348,100.647396157813,109.89
4.504196,-0.30988465,100.647396157813,109.89
4.4521237,-0.48740537,100.647396157813,109.89
4.420532,-0.6789703,100.647396157813,109.89
4.3752107,-0.84345709,100.647396157813,110.49458
4.3069793,-0.864917,79.34606,111.524
4.3480314,-0.57543032,109.79,111.524
4.5590086,-0.0040374915,109.79,111.524
4.8368502,0.61969913,109.79,111.524
5.0761903,1.08542501,109.79,111.6122
5.2532474,1.3432065,109.79,112.994
5.3560146,1.4187571,109.79,112.994
5.4026872,1.3596592,109.79,112.994
5.4114529,1.2495757,109.79,112.994
5.4000701,1.1493994,109.79,112.994
5.3763095,1.0727356,110.3036,114.2322
5.3457067,1.01157537,113.214,114.504
5.3200009,0.95785523,113.214,114.504
5.3063514,0.9157745,113.214,114.504
5.3003354,0.8845032,113.214,114.504
5.2993922,0.8181335,113.214,114.63321
5.2952505,0.70365908,113.214,114.723
5.2952564,0.58498534,113.214,114.723
5.3001706,0.5172516,113.214,114.723
5.2995178,0.49571833,113.214,114.723
5.2909293,0.49502253,113.262,114.31969
5.2711308,0.50650949,113.534,113.422
5.2533656,0.51600328,113.534,113.422
5.2434316,0.5118805,113.534,113.422
5.241411,0.49898376,113.534,113.422
5.2374942,0.47392277,113.534,113.422
5.2377869,0.42355953,113.534,112.994
5.2203215,0.31174314,113.534,112.994
5.1865842,0.152478028,113.534,112.994
5.147986,0.0021392866,113.534,112.994
5.0986452,-0.104629536,112.7201,112.994
5.0414613,-0.17692873,108.108,112.32998
4.9767457,-0.25401612,108.108,111.94
4.8898099,-0.40604246,108.108,111.94
4.8031191,-0.60623469,108.108,111.94
4.7349213,-0.67518613,108.108,111.94
4.6884279,-0.45040279,108.108,111.6108
4.6594142,-0.0620116843,108.108,110.294
4.6385689,0.28296204,108.108,110.294
4.6165095,0.48874512,108.108,110.294
4.5982308,0.57038576,107.27865,110.294
4.5858148,0.57226872,102.579,110.294
4.5737337,0.53588553,102.579,111.47316
4.5529819,0.49396671,102.579,111.732
4.5271117,0.45629875,102.579,111.732
4.4701384,0.41944285,102.579,111.732
4.4001103,0.36571961,102.579,111.732
4.3322692,0.27682491,102.579,110.68888
4.2624212,0.17672419,102.579,107.72
4.2045257,0.098474142,102.579,107.72
4.1446041,0.046859747,102.7131,107.72
4.0602205,0.0152038545,103.473,107.72
3.9831085,-0.00491943336,103.473,107.72
3.9351835,-0.017428587,103.473,106.00028
3.9209742,-0.023794561,103.473,104.348
3.9309263,-0.038107292,103.473,104.348
3.9407515,-0.070825194,103.473,104.348
3.9380896,-0.103060947,103.473,104.348
3.928173,-0.12642525,103.473,104.348
3.918802,-0.1454834,103.473,102.070615
3.9120565,-0.16140431,103.9239,99.5025
3.8939183,-0.17103271,106.479,99.5025
3.8107025,-0.19279181,106.479,99.5025
3.6692685,-0.24808655,106.479,99.5025
3.5273379,-0.31781921,106.479,99.5025
3.424301,-0.38031004,106.479,99.654806
3.3697204,-0.43018502,106.479,99.8336
3.3406001,-0.47430116,106.479,99.8336
3.3179658,-0.50463266,106.479,99.8336
3.3071184,-0.51392834,106.479,99.8336
3.3019262,-0.50268856,106.81155,99.8336
3.2939645,-0.4889955,108.696,100.078796
3.2770142,-0.48474736,108.696,100.334
3.2288242,-0.49416515,108.696,100.334
3.1637822,-0.53907474,108.696,100.334
3.098584,-0.5847779,108.696,100.334
3.046262,-0.5918702,108.696,100.334
3.0093203,-0.62580877,108.696,102.0123
2.9870488,-0.78604736,108.696,102.916
3.025888,-1.03309992,108.696,102.916
3.1884581,-1.3261138,108.59355,102.916
3.5004666,-1.5043302,108.013,102.916
3.961429,-1.26900332,108.013,102.916
4.4644133,-0.535064713,108.013,105.79096
4.8894379,0.4119598506,108.013,105.82
5.1885744,1.24786029,108.013,105.82
5.3485919,1.7862521,108.013,105.82
5.4577022,2.0367981,108.013,105.82
5.4873232,2.1025728,108.013,107.42279
5.4668279,2.065692,108.013,109.091
5.4194973,1.9603699,108.439,109.091
5.3769772,1.810309,110.853,109.091
5.3636208,1.6659298,110.853,109.091
5.3151359,1.5583619,110.853,109.91389
5.1460296,1.4981319,110.853,113.422
5.1055951,1.4631651,110.853,113.422
5.1231868,1.4310921,110.853,113.422
5.1612154,1.4039703,110.853,113.422
5.1999878,1.3778655,110.853,113.422
5.2261969,1.3507476,110.853,114.67096
5.2289189,1.3184238,102.804645,114.723
5.2157369,1.2851285,100.647396157813,114.723
5.1941074,1.2573182,100.647396157813,114.723
5.1664433,1.2157469,100.647396157813,114.723
5.1135952,1.1765103,100.647396157813,114.723
4.9956934,1.1731653,100.647396157813,114.723
4.8476196,1.1827114,100.647396157813,114.723
4.7333162,1.1662045,100.647396157813,114.723
4.6836737,1.1242033,100.647396157813,114.723
4.6834228,1.0731201,100.647396157813,114.15056
4.6798401,1.0277831,100.647396157813,113.422
4.6497648,0.99057012,109.277,113.422
4.6192469,0.94549565,109.277,113.422
4.5951482,0.88617554,109.277,113.422
4.5773918,0.81083069,109.277,113.32828
4.5739068,0.75058893,109.277,112.57
4.5833272,0.70996089,109.277,112.57
4.584166,0.66468814,109.277,112.57
4.5593994,0.58440248,109.277,112.57
4.4912353,0.49325259,109.277,112.57
4.4932309,0.53163145,107.93555,111.38856
4.6290004,0.86878056,100.334,110.906
4.842767,1.4016054,100.334,110.906
5.0479064,1.8997864,100.334,110.906
5.1997193,2.2183505,100.334,110.906
5.2896458,2.3229426,100.334,111.72032
5.3292658,2.2636663,100.334,112.994
5.3344979,2.1279422,100.334,112.994
5.309442,1.9776948,100.334,112.994
5.2707306,1.8594481,100.334,112.994
5.2351773,1.7815977,100.164005,113.54273
5.2088622,1.7398834,99.2007,115.607
5.1950318,1.7101594,99.2007,115.607
5.1886602,1.661389,99.2007,115.607
5.1751716,1.5924378,99.2007,115.607
5.1520909,1.5179964,99.2007,115.607
5.1369979,1.4626618,99.2007,113.79368
5.1436863,1.4354496,99.2007,113.636
5.0917755,1.4192785,99.2007,113.636
5.0010225,1.4096201,99.2007,113.636
4.9204867,1.4032679,100.027395,113.636
4.8381227000000004,1.3796663,104.712,113.37064
4.7670718,1.3156865,104.712,113.208
4.7516147,1.2482578,104.712,113.208
4.8161043,1.2078608,104.712,113.208
4.9261167,1.1842282,104.712,113.208
5.025562,1.1710596,104.712,112.77307
5.0778045,1.1677396,104.712,111.317
5.0814749,1.1719598,104.712,111.317
5.051782,1.1749489,104.712,111.317
5.0064671,1.173166,104.96385,111.317
4.9517181,1.1586974,106.391,111.317
4.8805579,1.1278963,106.391,109.81702
4.8086394,1.0937006,106.391,109.29
4.7487335,1.0701086,106.391,109.29
4.7077912,1.0581172,106.391,109.29
4.6754216,1.02453011,106.391,109.29
4.6033906,0.92486878,106.391,108.98942
4.4846251,0.76394041,106.391,107.143
4.3500738,0.53987734,106.391,107.143
4.2069211,0.27249452,106.2218,107.143
4.094742,0.091293337,105.263,107.143
4.0079893,0.196176142,105.263,107.143
3.9234799,0.53674625,105.263,107.8506
3.8910249,0.88198549,105.263,108.303
3.9854858,1.1005161,105.263,108.303
4.1527647,1.1691432,105.263,108.303
4.2780338,1.1336939,105.263,108.303
4.2636875,1.04754331,105.263,108.45718
4.128165,0.95806278,105.263,109.489
3.9606838,0.88458247,105.3932,109.489
3.8167079,0.80799563,106.131,109.489
3.7106319,0.72021485,106.131,109.489
3.6262454,0.63916623,106.131,109.489
3.5357027,0.58179936,106.131,109.36363
3.450018,0.54164732,106.131,109.29
3.4037388,0.49317627000000003,106.131,109.29
3.3901005,0.43700561,106.131,109.29
3.3930189,0.39522093,106.131,109.29
3.3809631000000002,0.37076413,106.131,109.19544
3.3504725,0.35518194,107.0496,108.108
3.3254585,0.34355466,112.255,108.108
3.3772343,0.31040956,112.255,108.108
3.623453,0.23900758,112.255,108.108
4.0199157,0.131426975,112.255,108.108
4.4150113,-0.0097045882,112.255,108.00712
4.732141,-0.145904595,112.255,107.914
4.9415342,-0.2723297,112.255,107.914
5.062622,-0.40025635,112.255,107.914
5.1286314,-0.4769959,112.255,107.914
5.1497634,-0.49124458,112.1923,107.914
5.1303736,-0.47330932,111.837,107.36974
5.0880002,-0.45084531,111.837,107.335
5.0462282,-0.48273622,111.837,107.335
5.0145114,-0.58380432,111.837,107.335
4.9678924,-0.63743903,111.837,107.335
4.8586368,-0.47507626,111.837,107.21244
4.7311218,0.0249054214,111.837,106.952
4.6643155,0.75615845,111.837,106.952
4.7146575,1.442578,111.837,106.952
4.860461,1.9272738,112.0116,106.952
5.0192384,2.1766477,113.001,106.952
5.1469027,2.2365747,113.001,109.27845
5.2394589,2.185562,113.001,109.689
5.3014676,2.078363,113.001,109.689
5.3379181000000004,1.957895,113.001,109.689
5.3406438,1.8610108,113.001,109.689
5.3216672,1.7944515,113.001,110.34312
5.3037721,1.7359647,113.001,111.111
5.2966185,1.6710571,113.001,111.111
5.3022375,1.6114991,112.67145,111.111
5.3152341,1.5686584,110.804,111.111
5.3381016,1.5362481,110.804,111.111
5.3621582,1.5173251,110.804,108.86505
5.3860294,1.5012148,110.804,108.696
5.4380621,1.4578215,110.804,108.696
5.496399,1.406683,110.804,108.696
5.5077911,1.3670009,110.804,108.696
5.4830689,1.3411646,110.804,107.91648
5.4414459,1.326294,110.804,105.448
5.4014127,1.314317,110.4587,105.448
5.3734438,1.3067533,108.502,105.448
5.3566307,1.3091009,108.502,105.448
5.3460302,1.3148654,108.502,105.448
5.3354747,1.3218844,108.502,105.3481
5.3148465,1.3310239,108.502,105.263
5.2816406,1.340097,108.502,105.263
5.2423555,1.3457598,108.502,105.263
5.1809992,1.3375635,108.502,105.263
5.1081878,1.3175448,108.502,105.263
5.0533506,1.2876716,108.0997,104.39716
5.0178924,1.2496676,105.82,104.167
4.9952057,1.1982784,105.82,104.167
4.972238,1.1164401,105.82,104.167
4.927924,1.02709618,105.82,104.167
4.8647158,0.95346373,105.82,104.21068
4.793542,0.9004303,105.82,104.895
4.7332466,0.84409787,105.82,104.895
4.6937954,0.74491267,105.82,104.895
4.647873,0.62785643,105.82,104.895
4.5620879,0.52858884,105.86215,104.895
4.4661835,0.45630185,106.101,104.83278
4.3750364,0.35039676,106.101,104.712
4.3055697,0.170196491,106.101,104.712
4.2751705,-0.0454895136,106.101,104.712
4.255103,-0.23039247,106.101,104.712
4.2138851,-0.35328368,106.101,104.712
4.1999205,-0.40209047,106.101,105.72044
4.3631472,-0.39937123,106.101,106.195
4.6693454,-0.41111453,106.101,106.195
4.9895698,-0.47022706,106.31625,106.195
5.2443267,-0.54719542,107.536,106.195
5.4391813,-0.61405643,107.536,106.36275
5.5706417,-0.66235352,107.536,107.72
5.6289026,-0.71078802,107.536,107.72
5.6317257,-0.79030151,107.536,107.72
5.5997591,-0.88193049,107.536,107.72
5.5620784,-0.98169222,107.536,107.72
5.5371954,-1.116745,107.536,108.98016
5.5224789,-1.2827058,107.536,109.689
5.5082675,-1.4341581,108.3103,109.689
5.4815463,-1.538327,112.698,109.689
5.4465457,-1.5962311,112.698,109.689
5.4165893,-1.61785,112.698,109.96891
5.3961056,-1.6162514,112.698,110.906
5.3845619,-1.6004972,112.698,110.906
5.3761782,-1.580799,112.698,110.906
5.3387877,-1.5648487,112.698,110.906
5.2802461,-1.5457637,112.698,110.906
5.2864568,-1.3580079,112.698,112.84784
5.3708311,-0.74848632,112.88775,112.994
5.480527,0.1469818383,113.963,112.994
5.5693658,0.98650797,113.963,112.994
5.6325321,1.5337434,113.963,112.994
5.65095,1.7614286,113.963,113.70284
5.6280028,1.7778199,113.963,114.068
5.5888611,1.6840451,113.963,114.068
5.5423801,1.5470095,113.963,114.068
5.4993777,1.4219852,113.963,114.068
5.4713773,1.3308197,113.963,115.19561
5.4718475,1.2458252,113.8982,116.279
5.4881043,1.1637426,113.531,116.279
5.4921673,1.1094179,113.531,116.279
5.4691807,1.0929494,113.531,116.279
5.4448084,1.095016,113.531,116.5306
5.4333181,1.1059811,113.531,116.959
5.4278603,1.1250732,113.531,116.959
5.4249823,1.1520482,113.531,116.959
5.4063323,1.1801116,113.531,116.959
5.3817691,1.2048337,113.531,116.63985
5.3733007,1.2307674,113.13725,114.504
5.3987736,1.2470633,110.906,114.504
5.439038,1.2439053,110.906,114.504
5.4642909,1.2239379,110.906,114.504
5.461988,1.1644656,110.906,114.504
5.4559659,1.1061157,110.906,110.84095
5.4506509,1.2127596,110.906,108.499
5.4420532,1.5298644,110.906,108.499
5.4313051,1.9893795,110.906,108.499
5.4180782,2.4811435,110.906,108.499
5.3997458,2.8744783,109.8188,108.46784
5.3803784,3.1145661,103.658,107.72
5.36901,3.2042874,103.658,107.72
5.3719729,3.1831821,103.658,107.72
5.3868471,3.1072143,103.658,107.72
5.3928537,3.0194458,103.658,107.72
5.3824033,2.9432826,103.658,107.1852
5.3608886,2.8844452,103.658,106.383
5.3386023,2.8414613,103.658,106.383
5.3118227,2.811683,103.658,106.383
5.2871332,2.7969653,103.2623,106.383
5.2576387,2.7966087,101.02,106.383
5.2250096,2.8051674,101.02,105.06025
5.1987919,2.818274,101.02,104.348
5.1833932,2.8282056,101.02,104.348
5.1780091,2.8145782,101.02,104.348
5.1718682,2.7216307,101.02,104.348
5.1397001,2.5398713,101.02,104.348
5.06318,2.3557217,101.02,102.9208
5.0227452,2.2070314,101.02,102.564
5.1110323,2.0844445,101.33095,102.564
5.2908234,1.9716916,103.093,102.564
5.4813749,1.8390871,103.093,102.564
5.6286045,1.6984982,103.093,102.564
5.7315121,1.589856,103.093,99.850444
5.7951262,1.5023864,103.093,98.8468
5.827035,1.4013917,103.093,98.8468
5.8311897,1.2959751,103.093,98.8468
5.816214,1.2045531,103.093,98.8468
5.7958588,1.1342869,103.093,98.8468
5.7753511,1.0881775,103.73545,98.023606
5.7570679,1.0519287,107.376,97.4026
5.743927,0.99992961,107.376,97.4026
5.7328374,0.90095824,107.376,97.4026
5.7226841,0.80696414,107.376,97.4026
5.7155081,0.77573529,107.376,97.4026
5.7013643,0.79403075,107.376,98.110258
5.68952777777778,0.83678283,107.376,98.8468
